# Created by Octave 5.2.0, Mon Mar 09 10:23:54 2020 GMT <unknown@DESKTOP-EUUKDHC>
# name: V
# type: matrix
# rows: 1
# columns: 4
 1 2 3 4


